[720,450]
[720,456]
[720,462]
[720,468]
[719,474]
[719,481]
[718,487]
[717,493]
[717,499]
[716,505]
[715,511]
[714,517]
[712,523]
[711,529]
[710,535]
[708,541]
[706,546]
[705,552]
[703,558]
[701,564]
[699,570]
[697,575]
[695,581]
[692,587]
[690,592]
[687,598]
[685,603]
[682,609]
[679,614]
[676,620]
[673,625]
[670,630]
[667,635]
[664,641]
[660,646]
[657,651]
[653,656]
[650,661]
[646,665]
[642,670]
[638,675]
[634,680]
[630,684]
[626,689]
[622,693]
[617,697]
[613,702]
[609,706]
[604,710]
[600,714]
[595,718]
[590,722]
[585,726]
[581,730]
[576,733]
[571,737]
[566,740]
[561,744]
[555,747]
[550,750]
[545,753]
[540,756]
[534,759]
[529,762]
[523,765]
[518,767]
[512,770]
[507,772]
[501,775]
[495,777]
[490,779]
[484,781]
[478,783]
[472,785]
[466,786]
[461,788]
[455,790]
[449,791]
[443,792]
[437,794]
[431,795]
[425,796]
[419,797]
[413,797]
[407,798]
[401,799]
[394,799]
[388,800]
[382,800]
[376,800]
[370,800]
[364,800]
[358,800]
[352,800]
[346,799]
[339,799]
[333,798]
[327,797]
[321,797]
[315,796]
[309,795]
[303,794]
[297,792]
[291,791]
[285,790]
[279,788]
[274,786]
[268,785]
[262,783]
[256,781]
[250,779]
[245,777]
[239,775]
[233,772]
[228,770]
[222,767]
[217,765]
[211,762]
[206,759]
[200,756]
[195,753]
[190,750]
[185,747]
[179,744]
[174,740]
[169,737]
[164,733]
[159,730]
[155,726]
[150,722]
[145,718]
[140,714]
[136,710]
[131,706]
[127,702]
[123,697]
[118,693]
[114,689]
[110,684]
[106,680]
[102,675]
[98,670]
[94,665]
[90,661]
[87,656]
[83,651]
[80,646]
[76,641]
[73,635]
[70,630]
[67,625]
[64,620]
[61,614]
[58,609]
[55,603]
[53,598]
[50,592]
[48,587]
[45,581]
[43,575]
[41,570]
[39,564]
[37,558]
[35,552]
[34,546]
[32,541]
[30,535]
[29,529]
[28,523]
[26,517]
[25,511]
[24,505]
[23,499]
[23,493]
[22,487]
[21,481]
[21,474]
[20,468]
[20,462]
[20,456]
[20,450]
[20,444]
[20,438]
[20,432]
[21,426]
[21,419]
[22,413]
[23,407]
[23,401]
[24,395]
[25,389]
[26,383]
[28,377]
[29,371]
[30,365]
[32,359]
[34,354]
[35,348]
[37,342]
[39,336]
[41,330]
[43,325]
[45,319]
[48,313]
[50,308]
[53,302]
[55,297]
[58,291]
[61,286]
[64,280]
[67,275]
[70,270]
[73,265]
[76,259]
[80,254]
[83,249]
[87,244]
[90,239]
[94,235]
[98,230]
[102,225]
[106,220]
[110,216]
[114,211]
[118,207]
[123,203]
[127,198]
[131,194]
[136,190]
[140,186]
[145,182]
[150,178]
[155,174]
[159,170]
[164,167]
[169,163]
[174,160]
[179,156]
[185,153]
[190,150]
[195,147]
[200,144]
[206,141]
[211,138]
[217,135]
[222,133]
[228,130]
[233,128]
[239,125]
[245,123]
[250,121]
[256,119]
[262,117]
[268,115]
[274,114]
[279,112]
[285,110]
[291,109]
[297,108]
[303,106]
[309,105]
[315,104]
[321,103]
[327,103]
[333,102]
[339,101]
[346,101]
[352,100]
[358,100]
[364,100]
[370,100]
[376,100]
[382,100]
[388,100]
[394,101]
[401,101]
[407,102]
[413,103]
[419,103]
[425,104]
[431,105]
[437,106]
[443,108]
[449,109]
[455,110]
[461,112]
[466,114]
[472,115]
[478,117]
[484,119]
[490,121]
[495,123]
[501,125]
[507,128]
[512,130]
[518,133]
[523,135]
[529,138]
[534,141]
[540,144]
[545,147]
[550,150]
[555,153]
[561,156]
[566,160]
[571,163]
[576,167]
[581,170]
[585,174]
[590,178]
[595,182]
[600,186]
[604,190]
[609,194]
[613,198]
[617,203]
[622,207]
[626,211]
[630,216]
[634,220]
[638,225]
[642,230]
[646,235]
[650,239]
[653,244]
[657,249]
[660,254]
[664,259]
[667,265]
[670,270]
[673,275]
[676,280]
[679,286]
[682,291]
[685,297]
[687,302]
[690,308]
[692,313]
[695,319]
[697,325]
[699,330]
[701,336]
[703,342]
[705,348]
[706,354]
[708,359]
[710,365]
[711,371]
[712,377]
[714,383]
[715,389]
[716,395]
[717,401]
[717,407]
[718,413]
[719,419]
[719,426]
[720,432]
[720,438]
[720,444]
[720,450]
[720,456]
[720,462]
[720,468]
[721,474]
[721,481]
[722,487]
[723,493]
[723,499]
[724,505]
[725,511]
[726,517]
[728,523]
[729,529]
[730,535]
[732,541]
[734,546]
[735,552]
[737,558]
[739,564]
[741,570]
[743,575]
[745,581]
[748,587]
[750,592]
[753,598]
[755,603]
[758,609]
[761,614]
[764,620]
[767,625]
[770,630]
[773,635]
[776,641]
[780,646]
[783,651]
[787,656]
[790,661]
[794,665]
[798,670]
[802,675]
[806,680]
[810,684]
[814,689]
[818,693]
[823,697]
[827,702]
[831,706]
[836,710]
[840,714]
[845,718]
[850,722]
[855,726]
[859,730]
[864,733]
[869,737]
[874,740]
[879,744]
[885,747]
[890,750]
[895,753]
[900,756]
[906,759]
[911,762]
[917,765]
[922,767]
[928,770]
[933,772]
[939,775]
[945,777]
[950,779]
[956,781]
[962,783]
[968,785]
[974,786]
[979,788]
[985,790]
[991,791]
[997,792]
[1003,794]
[1009,795]
[1015,796]
[1021,797]
[1027,797]
[1033,798]
[1039,799]
[1046,799]
[1052,800]
[1058,800]
[1064,800]
[1070,800]
[1076,800]
[1082,800]
[1088,800]
[1094,799]
[1101,799]
[1107,798]
[1113,797]
[1119,797]
[1125,796]
[1131,795]
[1137,794]
[1143,792]
[1149,791]
[1155,790]
[1161,788]
[1166,786]
[1172,785]
[1178,783]
[1184,781]
[1190,779]
[1195,777]
[1201,775]
[1207,772]
[1212,770]
[1218,767]
[1223,765]
[1229,762]
[1234,759]
[1240,756]
[1245,753]
[1250,750]
[1255,747]
[1261,744]
[1266,740]
[1271,737]
[1276,733]
[1281,730]
[1285,726]
[1290,722]
[1295,718]
[1300,714]
[1304,710]
[1309,706]
[1313,702]
[1317,697]
[1322,693]
[1326,689]
[1330,684]
[1334,680]
[1338,675]
[1342,670]
[1346,665]
[1350,661]
[1353,656]
[1357,651]
[1360,646]
[1364,641]
[1367,635]
[1370,630]
[1373,625]
[1376,620]
[1379,614]
[1382,609]
[1385,603]
[1387,598]
[1390,592]
[1392,587]
[1395,581]
[1397,575]
[1399,570]
[1401,564]
[1403,558]
[1405,552]
[1406,546]
[1408,541]
[1410,535]
[1411,529]
[1412,523]
[1414,517]
[1415,511]
[1416,505]
[1417,499]
[1417,493]
[1418,487]
[1419,481]
[1419,474]
[1420,468]
[1420,462]
[1420,456]
[1420,450]
[1420,444]
[1420,438]
[1420,432]
[1419,426]
[1419,419]
[1418,413]
[1417,407]
[1417,401]
[1416,395]
[1415,389]
[1414,383]
[1412,377]
[1411,371]
[1410,365]
[1408,359]
[1406,354]
[1405,348]
[1403,342]
[1401,336]
[1399,330]
[1397,325]
[1395,319]
[1392,313]
[1390,308]
[1387,302]
[1385,297]
[1382,291]
[1379,286]
[1376,280]
[1373,275]
[1370,270]
[1367,265]
[1364,259]
[1360,254]
[1357,249]
[1353,244]
[1350,239]
[1346,235]
[1342,230]
[1338,225]
[1334,220]
[1330,216]
[1326,211]
[1322,207]
[1317,203]
[1313,198]
[1309,194]
[1304,190]
[1300,186]
[1295,182]
[1290,178]
[1285,174]
[1281,170]
[1276,167]
[1271,163]
[1266,160]
[1261,156]
[1255,153]
[1250,150]
[1245,147]
[1240,144]
[1234,141]
[1229,138]
[1223,135]
[1218,133]
[1212,130]
[1207,128]
[1201,125]
[1195,123]
[1190,121]
[1184,119]
[1178,117]
[1172,115]
[1166,114]
[1161,112]
[1155,110]
[1149,109]
[1143,108]
[1137,106]
[1131,105]
[1125,104]
[1119,103]
[1113,103]
[1107,102]
[1101,101]
[1094,101]
[1088,100]
[1082,100]
[1076,100]
[1070,100]
[1064,100]
[1058,100]
[1052,100]
[1046,101]
[1039,101]
[1033,102]
[1027,103]
[1021,103]
[1015,104]
[1009,105]
[1003,106]
[997,108]
[991,109]
[985,110]
[979,112]
[974,114]
[968,115]
[962,117]
[956,119]
[950,121]
[945,123]
[939,125]
[933,128]
[928,130]
[922,133]
[917,135]
[911,138]
[906,141]
[900,144]
[895,147]
[890,150]
[885,153]
[879,156]
[874,160]
[869,163]
[864,167]
[859,170]
[855,174]
[850,178]
[845,182]
[840,186]
[836,190]
[831,194]
[827,198]
[823,203]
[818,207]
[814,211]
[810,216]
[806,220]
[802,225]
[798,230]
[794,235]
[790,239]
[787,244]
[783,249]
[780,254]
[776,259]
[773,265]
[770,270]
[767,275]
[764,280]
[761,286]
[758,291]
[755,297]
[753,302]
[750,308]
[748,313]
[745,319]
[743,325]
[741,330]
[739,336]
[737,342]
[735,348]
[734,354]
[732,359]
[730,365]
[729,371]
[728,377]
[726,383]
[725,389]
[724,395]
[723,401]
[723,407]
[722,413]
[721,419]
[721,426]
[720,432]
[720,438]
[720,444]
[370,100]
[375,100]
[380,100]
[385,100]
[390,100]
[395,100]
[400,100]
[405,100]
[410,100]
[415,100]
[420,100]
[425,100]
[430,100]
[435,100]
[440,100]
[445,100]
[450,100]
[455,100]
[460,100]
[465,100]
[470,100]
[475,100]
[480,100]
[485,100]
[490,100]
[495,100]
[500,100]
[505,100]
[510,100]
[515,100]
[520,100]
[525,100]
[530,100]
[535,100]
[540,100]
[545,100]
[550,100]
[555,100]
[560,100]
[565,100]
[570,100]
[575,100]
[580,100]
[585,100]
[590,100]
[595,100]
[600,100]
[605,100]
[610,100]
[615,100]
[620,100]
[625,100]
[630,100]
[635,100]
[640,100]
[645,100]
[650,100]
[655,100]
[660,100]
[665,100]
[670,100]
[675,100]
[680,100]
[685,100]
[690,100]
[695,100]
[700,100]
[705,100]
[710,100]
[715,100]
[720,100]
[725,100]
[730,100]
[735,100]
[740,100]
[745,100]
[750,100]
[755,100]
[760,100]
[765,100]
[770,100]
[775,100]
[780,100]
[785,100]
[790,100]
[795,100]
[800,100]
[805,100]
[810,100]
[815,100]
[820,100]
[825,100]
[830,100]
[835,100]
[840,100]
[845,100]
[850,100]
[855,100]
[860,100]
[865,100]
[870,100]
[875,100]
[880,100]
[885,100]
[890,100]
[895,100]
[900,100]
[905,100]
[910,100]
[915,100]
[920,100]
[925,100]
[930,100]
[935,100]
[940,100]
[945,100]
[950,100]
[955,100]
[960,100]
[965,100]
[970,100]
[975,100]
[980,100]
[985,100]
[990,100]
[995,100]
[1000,100]
[1005,100]
[1010,100]
[1015,100]
[1020,100]
[1025,100]
[1030,100]
[1035,100]
[1040,100]
[1045,100]
[1050,100]